41 8 2 48 18 16 15 9 48 7
44 48 35 6 38 28 3 2 6 14
15 33 39 2 36 13 46 42 45 35
27 15 29 38 18 1 49 11 45 28
22 18 10 14 49 22 7 6 25 7
23 23 39 17 3 47 30 35 8 25
6 36 19 41 40 24 37 13 46 5
3 43 15 50 19 6 15 7 25 18
30 41 24 11 24 23 14 43 18 45
44 42 5 39 41 11 35 47 16 11
30 25 18 41 45 36 15 44 21 50
50 4 15 3 21 26 18 5 14 37
46 21 14 42 32 26 42 30 10 17
9 16 48 36 35 17 48 38 28 38
26 24 15 9 33 32 6 49 4 8
10 41 11 44 28 39 5 25 25 39
30 34 17 36 1 44 47 8 44 35
49 18 50 42 22 8 19 28 11 30
1 47 47 17 33 49 12 33 7 41
20 41 33 39 13 10 24 49 11 35
50 34 1 39 21 32 2 8 24 20
16 4 16 37 6 6 47 32 5 49
35 50 9 9 43 31 36 11 17 34
39 28 14 35 49 47 45 13 46 20
26 43 42 24 29 34 29 8 16 15
5 22 2 38 36 15 38 15 1 5
46 41 4 15 5 3 22 5 33 16
18 43 32 14 35 9 47 37 37 31
16 31 27 13 7 7 43 28 23 28
27 30 47 4 44 42 42 7 4 26
47 22 7 16 13 13 35 29 9 28
12 18 30 16 5 29 36 7 4 42
35 1 6 49 16 11 27 32 31 14
26 4 11 25 1 25 17 30 19 28
45 47 36 43 46 32 10 13 19 14
4 38 48 35 4 48 21 4 4 38
31 33 34 11 4 33 6 12 5 39
5 44 16 26 8 37 16 38 39 3
40 6 27 43 38 37 34 21 17 14
43 46 21 16 17 26 9 43 42 20
30 21 49 5 1 30 40 37 7 5
35 14 33 17 9 23 5 16 24 19
11 29 35 46 20 40 42 34 1 43
36 20 43 7 9 17 8 7 48 36
10 18 19 39 14 46 22 14 44 41
17 33 32 17 4 6 41 28 18 3
1 22 50 9 41 17 11 48 29 36
46 28 36 1 8 5 45 10 35 3
24 38 36 10 28 9 3 20 24 3
23 14 44 16 43 7 23 50 36 27
40 48 10 16 11 12 27 2 12 48
22 27 43 48 16 18 11 45 7 25
3 31 15 13 30 23 20 15 15 2
43 13 26 22 18 5 50 18 23 42
33 26 44 35 22 2 8 17 12 38
17 3 7 39 28 23 47 21 28 39
33 8 25 37 13 17 3 46 28 1
34 35 44 47 48 48 43 13 24 28
5 43 22 40 21 43 8 47 20 33
20 43 27 21 26 45 19 36 9 13
27 43 25 44 48 12 40 37 20 26
36 1 20 19 14 28 38 39 42 21
30 29 29 44 14 33 31 48 11 43
6 19 33 43 41 40 22 6 49 16
44 20 15 13 10 2 3 16 31 40
50 5 30 27 41 37 13 46 45 25
32 26 16 10 42 45 1 49 50 7
50 28 15 12 45 34 30 4 36 16
8 30 9 30 43 34 36 39 21 49
29 40 47 33 28 36 29 11 48 31
29 17 49 16 41 18 50 50 34 32
41 16 18 29 5 46 19 16 18 22
21 35 6 9 10 15 25 45 10 46
14 5 27 27 22 35 30 27 4 14
27 25 50 38 45 2 49 37 25 31
1 23 20 49 25 27 35 48 48 35
39 15 32 15 18 28 32 2 25 22
43 44 26 47 11 30 9 40 35 2
26 38 37 43 2 6 42 28 9 30
12 4 17 25 21 14 30 21 22 49
25 18 49 27 17 6 31 2 48 35
4 23 15 42 5 50 42 3 49 2
16 13 2 40 10 16 9 31 43 8
37 14 30 45 17 50 24 11 39 39
48 46 8 50 11 20 7 38 2 20
37 44 25 26 46 13 5 38 45 41
16 7 45 50 20 44 39 8 37 3
23 35 28 43 24 5 33 42 22 1
27 32 7 28 24 41 30 46 10 28
12 47 34 42 18 40 35 50 31 30
28 47 38 18 21 16 6 18 29 16
49 30 37 40 43 25 22 2 32 21
12 32 14 23 17 22 18 39 45 18
36 1 34 13 6 16 47 27 32 36
49 16 45 31 42 46 32 29 2 6
19 15 26 45 16 20 43 38 24 31
36 34 23 28 48 36 22 23 45 30
18 20 17 15 8 47 13 21 8 48
35 49 45 12 13 14 48 31 18 47
38 49 34 39 19 7 13 19 15 24
